01312000
02292000
03312000
04302000
05312000
06302000
07312000
08312000
09302000
10312000
11302000
12312000
01312001
02282001
03312001
04302001
05312001
06302001
07312001
08312001
09302001
10312001
11302001
12312001
01312002
02282002
03312002
04302002
05312002
06302002
07312002
08312002
09302002
10312002
11302002
12312002
01312003
02282003
03312003
04302003
05312003
06302003
07312003
08312003
09302003
10312003
11302003
12312003
01312004
02292004
03312004
04302004
05312004
06302004
07312004
08312004
09302004
10312004
11302004
12312004
01312005
02282005
03312005
04302005
05312005
06302005
07312005
08312005
09302005
10312005
11302005
12312005
01312006
02282006
03312006
04302006
05312006
06302006
07312006
08312006
09302006
10312006
11302006
12312006
01312007
02282007
03312007
04302007
05312007
06302007
07312007
08312007
09302007
10312007
11302007
12312007
01312008
02292008
03312008
04302008
05312008
06302008
07312008
08312008
09302008
10312008
11302008
12312008
01312009
02282009
03312009
04302009
05312009
06302009
07312009
08312009
09302009
10312009
11302009
12312009
01312010
02282010
03312010
04302010
05312010
06302010
07312010
08312010
09302010
10312010
11302010
12312010
01312011
02282011
03312011
04302011
05312011
06302011
07312011
08312011
09302011
10312011
11302011
12312011
01312012
02292012
03312012
04302012
05312012
06302012
07312012
08312012
09302012
10312012
11302012
12312012
01312013
02282013
03312013
04302013
05312013
06302013
07312013
08312013
09302013
10312013
11302013
12312013
01312014
02282014
03312014
04302014
05312014
06302014
07312014
08312014
09302014
10312014
11302014
12312014
01312015
02282015
03312015
04302015
05312015
06302015
07312015
08312015
09302015
10312015
11302015
12312015
01312016
02292016
03312016
04302016
05312016
06302016
07312016
08312016
09302016
10312016
11302016
12312016
01312017
02282017
03312017
04302017
05312017
06302017
07312017
08312017
09302017
10312017
11302017
12312017
01312018
02282018
03312018
04302018
05312018
06302018
07312018
08312018
09302018
10312018
11302018
12312018
01312019
02282019
03312019
04302019
05312019
06302019
07312019
08312019
09302019
10312019
11302019
12312019
01312020
02292020
03312020
04302020
05312020
06302020
07312020
08312020
09302020
10312020
11302020
12312020
01312021
02282021
03312021
04302021
05312021
06302021
07312021
08312021
09302021
10312021
11302021
12312021
01312022
02282022
03312022
04302022
05312022
06302022
07312022
08312022
09302022
10312022
11302022
12312022
01312023
02282023
03312023
04302023
05312023
06302023
07312023
08312023
09302023
10312023
11302023
12312023
01312024
02292024
03312024
04302024
05312024
06302024
07312024
08312024
09302024
10312024
11302024
12312024
01312025
02282025
03312025
04302025
05312025
06302025
07312025
08312025
09302025
10312025
11302025
12312025
01312026
02282026
03312026
04302026
05312026
06302026
07312026
08312026
09302026
10312026
11302026
12312026
01312027
02282027
03312027
04302027
05312027
06302027
07312027
08312027
09302027
10312027
11302027
12312027
01312028
02292028
03312028
04302028
05312028
06302028
07312028
08312028
09302028
10312028
11302028
12312028
01312029
02282029
03312029
04302029
05312029
06302029
07312029
08312029
09302029
10312029
11302029
12312029
01312030
02282030
03312030
04302030
05312030
06302030
07312030
08312030
09302030
10312030
11302030
12312030
01312031
02282031
03312031
04302031
05312031
06302031
07312031
08312031
09302031
10312031
11302031
12312031
01312032
02292032
03312032
04302032
05312032
06302032
07312032
08312032
09302032
10312032
11302032
12312032
01312033
02282033
03312033
04302033
05312033
06302033
07312033
08312033
09302033
10312033
11302033
12312033
01312034
02282034
03312034
04302034
05312034
06302034
07312034
08312034
09302034
10312034
11302034
12312034
01312035
02282035
03312035
04302035
05312035
06302035
07312035
08312035
09302035
10312035
11302035
12312035
01312036
02292036
03312036
04302036
05312036
06302036
07312036
08312036
09302036
10312036
11302036
12312036
01312037
02282037
03312037
04302037
05312037
06302037
07312037
08312037
09302037
10312037
11302037
12312037
01312038
02282038
03312038
04302038
05312038
06302038
07312038
08312038
09302038
10312038
11302038
12312038
01312039
02282039
03312039
04302039
05312039
06302039
07312039
08312039
09302039
10312039
11302039
12312039
01312040
02292040
03312040
04302040
05312040
06302040
07312040
08312040
09302040
10312040
11302040
12312040
01312041
02282041
03312041
04302041
05312041
06302041
07312041
08312041
09302041
10312041
11302041
12312041
01312042
02282042
03312042
04302042
05312042
06302042
07312042
08312042
09302042
10312042
11302042
12312042
01312043
02282043
03312043
04302043
05312043
06302043
07312043
08312043
09302043
10312043
11302043
12312043
01312044
02292044
03312044
04302044
05312044
06302044
07312044
08312044
09302044
10312044
11302044
12312044
01312045
02282045
03312045
04302045
05312045
06302045
07312045
08312045
09302045
10312045
11302045
12312045
01312046
02282046
03312046
04302046
05312046
06302046
07312046
08312046
09302046
10312046
11302046
12312046
01312047
02282047
03312047
04302047
05312047
06302047
07312047
08312047
09302047
10312047
11302047
12312047
01312048
02292048
03312048
04302048
05312048
06302048
07312048
08312048
09302048
10312048
11302048
12312048
01312049
02282049
03312049
04302049
05312049
06302049
07312049
08312049
09302049
10312049
11302049
12312049
01312050
02282050
03312050
04302050
05312050
06302050
07312050
08312050
09302050
10312050
11302050
12312050
